p = [ -0.207 0.500
0.500 -0.207
1.207 0.500
0.500 1.207
-0.000 -0.000
1.000 -0.000
1.000 1.000
-0.000 1.000
-0.194 0.362
-0.153 0.229
-0.088 0.107
0.107 -0.088
0.229 -0.153
0.362 -0.194
0.638 -0.194
0.771 -0.153
0.893 -0.088
1.088 0.107
1.153 0.229
1.194 0.362
1.194 0.638
1.153 0.771
1.088 0.893
0.893 1.088
0.771 1.153
0.638 1.194
0.362 1.194
0.229 1.153
0.107 1.088
-0.088 0.893
-0.153 0.771
-0.194 0.638
0.479 0.507
0.756 0.331
0.404 0.159
0.139 0.470
0.311 0.813
0.716 0.795
0.921 0.545
0.641 0.115
0.087 0.713
0.172 0.215
0.543 0.972
0.898 0.833
0.371 -0.019
0.960 0.250
-0.034 0.436
0.220 0.969
0.716 0.537
0.548 0.278
0.247 0.602
0.334 0.348
0.518 0.746
0.736 0.978
0.803 0.102
0.555 -0.020
0.978 0.661
0.995 0.446
0.141 0.062
0.048 0.275
0.090 0.870
-0.043 0.675
0.445 1.075
1.070 0.559
0.974 0.894
0.334 -0.094
0.196 1.043
-0.114 0.434
1.040 0.209
0.866 0.658
0.637 0.365
0.596 0.615
0.350 0.458
0.394 0.714
0.072 0.585
0.273 0.119
0.403 0.928
0.663 -0.061
0.721 0.196
0.532 0.155
0.428 0.281
0.819 0.462
0.639 1.044
0.149 0.345
0.006 0.805
0.037 0.146
0.192 0.756
0.610 0.848
0.871 0.959
0.948 0.132
-0.070 0.535
0.305 1.040
0.260 -0.016
0.449 -0.087
0.907 0.357
0.461 0.044
1.012 0.782
0.119 0.964
-0.064 0.336
1.051 0.327
1.104 0.439
1.082 0.682
0.887 0.024
0.789 -0.022
0.190 0.872
0.614 0.474
0.739 0.668
0.435 0.386
0.657 0.274
0.790 0.867
0.851 0.229
0.180 0.566
0.308 0.240
0.427 0.812
0.468 0.635
0.637 0.735
0.552 1.098
0.561 -0.114
0.242 0.312
0.245 0.407
0.797 1.054
0.812 0.574
0.912 0.452
-0.044 0.218
0.025 0.906
0.647 0.946
0.044 0.392
0.625 0.030
0.279 0.687
0.353 0.058
0.029 0.482
0.914 0.738
0.718 0.115
0.708 0.435
0.477 0.218
0.534 0.391
0.353 0.589
0.621 0.205
0.822 0.760
0.252 0.516
0.701 0.887
0.286 0.925
0.114 0.803
0.499 0.861
0.177 0.651
0.707 0.047
0.718 1.083
0.564 0.064
0.486 0.337
-0.204 0.431
-0.177 0.295
-0.124 0.167
-0.047 0.051
0.051 -0.047
0.167 -0.124
0.295 -0.177
0.431 -0.204
0.569 -0.204
0.705 -0.177
0.833 -0.124
0.949 -0.047
1.047 0.051
1.124 0.167
1.177 0.295
1.204 0.431
1.204 0.569
1.177 0.705
1.124 0.833
1.047 0.949
0.949 1.047
0.833 1.124
0.705 1.177
0.569 1.204
0.431 1.204
0.295 1.177
0.167 1.124
0.051 1.047
-0.047 0.949
-0.124 0.833
-0.177 0.705
-0.204 0.569
0.954 0.606
0.966 0.496
0.071 0.031
0.125 -0.012
0.156 0.135
0.104 0.245
-0.098 0.722
-0.117 0.656
0.026 0.694
0.469 1.142
0.404 1.132
0.490 1.023
1.143 0.530
1.136 0.598
0.993 0.553
1.018 0.614
1.028 0.498
0.986 0.940
1.024 0.893
0.939 0.866
0.290 -0.119
0.345 -0.137
0.353 -0.056
0.210 1.089
0.159 1.064
0.209 1.006
-0.153 0.461
-0.149 0.404
-0.073 0.435
1.061 0.165
1.089 0.218
1.000 0.230
0.893 0.606
0.921 0.656
0.691 0.350
0.596 0.326
0.538 0.560
0.662 0.573
0.556 0.682
0.408 0.483
0.342 0.402
0.355 0.759
0.452 0.727
0.105 0.527
0.076 0.655
0.012 0.630
0.336 0.141
0.224 0.161
0.209 0.093
0.357 0.870
0.473 0.954
0.425 1.005
0.654 -0.130
0.717 -0.108
0.603 -0.041
0.743 0.260
0.678 0.156
0.768 0.156
0.469 0.152
0.589 0.135
0.542 0.214
0.411 0.223
0.485 0.279
0.377 0.315
0.792 0.397
0.868 0.506
0.765 0.501
0.637 1.107
0.595 1.013
0.685 1.013
0.144 0.404
0.157 0.285
0.100 0.309
-0.048 0.847
-0.073 0.786
0.045 0.753
0.057 0.844
-0.023 0.739
0.021 0.076
-0.025 0.123
0.100 0.176
0.088 0.105
0.047 0.212
0.247 0.782
0.141 0.733
0.666 0.817
0.575 0.908
0.566 0.797
0.937 0.982
0.886 1.026
0.885 0.890
0.801 0.967
0.932 0.922
0.977 0.064
1.021 0.116
0.953 0.202
0.873 0.119
1.004 0.176
-0.144 0.522
-0.131 0.588
-0.048 0.475
-0.058 0.608
-0.101 0.477
-0.001 0.565
0.336 1.118
0.269 1.104
0.254 0.997
0.379 1.060
0.241 1.046
0.357 0.988
0.182 -0.051
0.238 -0.088
0.327 -0.018
0.196 0.022
0.300 -0.065
0.262 0.055
0.472 -0.150
0.407 -0.144
0.403 -0.045
0.507 -0.049
0.382 -0.094
0.833 0.343
0.938 0.294
0.959 0.401
0.857 0.406
0.434 0.102
0.409 0.006
0.510 0.006
0.495 0.102
0.456 -0.021
1.085 0.778
1.054 0.838
0.951 0.811
0.996 0.717
0.992 0.847
0.059 0.986
0.110 1.027
0.179 0.966
0.103 0.907
0.162 1.012
-0.132 0.345
-0.112 0.282
-0.045 0.396
-0.005 0.303
-0.096 0.392
1.107 0.278
1.126 0.343
0.996 0.284
1.020 0.392
1.047 0.258
0.978 0.342
1.149 0.466
1.143 0.405
1.053 0.443
1.091 0.489
1.083 0.391
1.130 0.663
1.114 0.721
1.034 0.672
1.078 0.631
1.054 0.725
0.936 0.014
0.891 -0.025
0.852 0.059
0.912 0.069
0.780 -0.084
0.838 -0.057
0.797 0.037
0.731 -0.044
0.842 0.003
0.248 0.843
0.207 0.929
0.131 0.872
0.196 0.811
0.155 0.918
0.553 0.492
0.663 0.509
0.625 0.418
0.604 0.537
0.727 0.737
0.723 0.598
0.808 0.663
0.670 0.641
0.453 0.440
0.385 0.368
0.396 0.423
0.427 0.337
0.697 0.296
0.614 0.278
0.649 0.315
0.687 0.245
0.755 0.830
0.844 0.852
0.769 0.921
0.827 0.909
0.807 0.278
0.912 0.241
0.829 0.167
0.787 0.214
0.894 0.182
0.875 0.290
0.162 0.528
0.214 0.584
0.137 0.573
0.353 0.200
0.247 0.225
0.324 0.295
0.290 0.181
0.367 0.259
0.379 0.814
0.464 0.784
0.412 0.768
0.415 0.858
0.474 0.582
0.492 0.681
0.521 0.626
0.434 0.671
0.675 0.762
0.587 0.738
0.621 0.686
0.624 0.783
0.678 0.705
0.531 1.146
0.587 1.137
0.546 1.045
0.506 1.088
0.593 1.074
0.535 -0.155
0.594 -0.148
0.557 -0.070
0.605 -0.094
0.514 -0.104
0.215 0.273
0.284 0.328
0.200 0.325
0.270 0.279
0.195 0.436
0.291 0.379
0.296 0.433
0.196 0.379
0.243 0.355
0.838 1.067
0.789 1.097
0.774 1.020
0.828 1.016
0.858 0.562
0.769 0.558
0.837 0.613
0.815 0.527
0.781 0.612
0.915 0.484
0.943 0.450
0.881 0.455
0.910 0.420
-0.091 0.222
-0.063 0.170
-0.002 0.244
-0.008 0.186
-0.053 0.268
0.013 0.946
-0.022 0.901
0.059 0.888
0.013 0.865
0.063 0.933
0.605 0.956
0.684 0.961
0.642 0.989
0.629 0.907
0.089 0.426
-0.001 0.415
0.047 0.335
0.095 0.369
-0.004 0.363
0.632 0.066
0.596 0.006
0.640 -0.005
0.294 0.744
0.262 0.638
0.336 0.701
0.237 0.724
0.374 0.100
0.362 0.019
0.319 0.084
0.314 0.030
0.399 0.055
0.074 0.479
-0.004 0.460
0.045 0.524
-0.008 0.507
0.039 0.442
0.908 0.781
0.943 0.705
0.893 0.702
0.954 0.755
0.691 0.116
0.746 0.112
0.721 0.142
0.730 0.393
0.712 0.480
0.677 0.402
0.755 0.445
0.667 0.453
0.453 0.198
0.501 0.237
0.496 0.196
0.459 0.239
0.512 0.443
0.545 0.341
0.585 0.379
0.571 0.433
0.484 0.395
0.415 0.549
0.288 0.597
0.354 0.519
0.376 0.656
0.420 0.613
0.316 0.645
0.629 0.166
0.591 0.233
0.663 0.201
0.584 0.185
0.639 0.239
0.769 0.776
0.859 0.798
0.841 0.708
0.784 0.719
0.806 0.814
0.873 0.748
0.201 0.493
0.252 0.565
0.300 0.489
0.210 0.542
0.248 0.463
0.300 0.546
0.707 0.846
0.717 0.924
0.665 0.870
0.740 0.879
0.674 0.916
0.297 0.879
0.252 0.948
0.333 0.927
0.298 0.971
0.247 0.899
0.101 0.764
0.102 0.836
0.071 0.801
0.149 0.783
0.147 0.829
0.517 0.907
0.509 0.813
0.462 0.891
0.546 0.856
0.463 0.837
0.132 0.680
0.217 0.625
0.128 0.625
0.185 0.703
0.175 0.604
0.226 0.671
0.675 0.078
0.752 0.067
0.691 -0.002
0.744 0.014
0.662 0.036
0.715 0.089
0.738 1.117
0.686 1.124
0.725 1.039
0.682 1.068
0.757 1.068
0.595 0.088
0.557 0.027
0.549 0.100
0.523 0.057
0.595 0.047
0.506 0.318
0.467 0.318
0.467 0.355
0.504 0.356]';

